driver_Id=50058150
driver_Ids=50058150,50058151,50058152
order_Id=6358971097423199025
company_Ids=1970
company_Id=1970
company_Id2=990
labour_company_id=990
commission_Ratio=
latitude=39.989606346804
longitude=116.31668087975
driver_bindcard_Id=1
account_Id=
driver_base_rights_Id=1,2,3,4
Email=test123@yongche.com
Name=\u987A\u98CE\u8F66\u4E13\u7528\u79DF\u8D41\u516C\u53F8234;


